max_layer 2
boundary 67000 450000 133000 505000
min_pitch_size 2000
via_cost 15000
nets 22
Net0 89000 477000 0 104000 455000 0 
Net1 82000 479000 0 104000 458000 0 
Net2 97000 486000 0 114000 461000 0 
Net3 84000 477000 0 107000 455000 0 
Net4 95000 492000 0 114000 455000 0 
Net5 93000 490000 0 110000 461000 0 
Net6 82000 483000 0 107000 458000 0 
Net7 100000 488000 0 114000 458000 0 
Net8 73000 492000 0 123000 455000 0 
Net9 75000 486000 0 120000 458000 0 
Net10 77000 488000 0 120000 461000 0 
Net11 71000 490000 0 120000 455000 0 
Net12 86000 501000 0 129000 455000 0 
Net13 89000 499000 0 129000 458000 0 
Net14 89000 494000 0 129000 461000 0 
Net15 82000 501000 0 126000 458000 0 
Net16 91000 492000 0 107000 451000 0 
Net17 80000 486000 0 117000 458000 0 
Net18 86000 479000 0 107000 461000 0 
Net19 84000 481000 0 110000 458000 0 
Net20 84000 499000 0 123000 461000 0 
Net21 86000 497000 0 123000 458000 0