max_layer 3
boundary 52000 410000 114000 446000
min_pitch_size 2000
via_cost 10000
nets 15
Net0 110000 439000 0 62000 442000 0 
Net1 107000 439000 0 65000 439000 0 
Net2 104000 439000 0 59000 442000 0 
Net3 104000 436000 0 56000 439000 0 
Net4 107000 429000 0 56000 423000 0 
Net5 104000 429000 0 62000 426000 0 
Net6 107000 433000 0 56000 426000 0 
Net7 110000 429000 0 62000 423000 0 
Net8 107000 426000 0 78000 442000 0 
Net9 110000 426000 0 71000 442000 0 
Net10 107000 420000 0 71000 439000 0 
Net11 107000 423000 0 78000 439000 0 
Net12 110000 417000 0 71000 423000 0 
Net13 107000 417000 0 68000 426000 0 
Net14 107000 414000 0 78000 426000 0 